[views/overview]
version = 6.3.0
modtime = 1443497435.761735000

[macros/normalize_mac_address%281%29]
version = 6.3.0
modtime = 1443500784.721234000
